[0, 1, 2, 3, 4, 5, 6, 7, 8, 9]
[0, 32, 24, 16, 28, 20, 24, 16, 34, 22]
[32, 0, 36, 16, 52, 24, 28, 36, 42, 38]
[24, 36, 0, 32, 16, 20, 16, 20, 22, 38]
[16, 16, 32, 0, 36, 20, 24, 20, 38, 22]
[28, 52, 16, 36, 0, 36, 32, 24, 38, 42]
[20, 24, 20, 20, 36, 0, 16, 20, 26, 30]
[24, 28, 16, 24, 32, 16, 0, 20, 22, 34]
[16, 36, 20, 20, 24, 20, 20, 0, 30, 26]
[34, 42, 22, 38, 38, 26, 22, 30, 0, 44]
[22, 38, 38, 22, 42, 30, 34, 26, 44, 0]
